1,0.477142,0.477142,97.9668,97.9668,0.00001000,0.8291,0.8291
2,0.470975,0.470975,97.7049,97.7049,0.00001000,0.8325,0.8325
3,0.480970,0.480970,98.0400,98.0400,0.00001000,0.8291,0.8291
4,0.473137,0.473137,96.9572,96.9572,0.00001000,0.8323,0.8323
5,0.470553,0.470553,97.9072,97.9072,0.00001000,0.8317,0.8317
6,0.487158,0.487158,98.8888,98.8888,0.00001000,0.8256,0.8256
7,0.468412,0.468412,99.4962,99.4962,0.00001000,0.8335,0.8335
8,0.488716,0.488716,98.7610,98.7610,0.00001000,0.8256,0.8256
9,0.475308,0.475308,99.6407,99.6407,0.00001000,0.8307,0.8307
10,0.464569,0.464569,97.4082,97.4082,0.00001000,0.8341,0.8341
11,0.488106,0.488106,97.0945,97.0945,0.00001000,0.8282,0.8282
12,0.485812,0.485812,99.3607,99.3607,0.00001000,0.8262,0.8262
13,0.477011,0.477011,100.0020,100.0020,0.00001000,0.8289,0.8289
14,0.463209,0.463209,98.6389,98.6389,0.00001000,0.8320,0.8320
15,0.469563,0.469563,97.9933,97.9933,0.00001000,0.8305,0.8305
16,0.474686,0.474686,97.8964,97.8964,0.00001000,0.8325,0.8325
17,0.474174,0.474174,98.6665,98.6665,0.00001000,0.8305,0.8305
18,0.469700,0.469700,98.1316,98.1316,0.00001000,0.8330,0.8330
19,0.472913,0.472913,97.7075,97.7075,0.00001000,0.8306,0.8306
20,0.473436,0.473436,97.6957,97.6957,0.00001000,0.8295,0.8295
21,0.480691,0.480691,98.1971,98.1971,0.00001000,0.8287,0.8287
22,0.474328,0.474328,98.7988,98.7988,0.00001000,0.8326,0.8326
23,0.480994,0.480994,98.0654,98.0654,0.00001000,0.8261,0.8261
24,0.493561,0.493561,98.3343,98.3343,0.00001000,0.8276,0.8276
25,0.470771,0.470771,98.4173,98.4173,0.00001000,0.8344,0.8344
26,0.468641,0.468641,98.0841,98.0841,0.00001000,0.8344,0.8344
27,0.475038,0.475038,97.9032,97.9032,0.00001000,0.8308,0.8308
28,0.479568,0.479568,97.6974,97.6974,0.00001000,0.8277,0.8277
29,0.467409,0.467409,98.8971,98.8971,0.00001000,0.8315,0.8315
30,0.487966,0.487966,98.9083,98.9083,0.00001000,0.8284,0.8284
31,0.475513,0.475513,98.5963,98.5963,0.00001000,0.8306,0.8306
32,0.475758,0.475758,98.2963,98.2963,0.00001000,0.8296,0.8296
33,0.471564,0.471564,98.2616,98.2616,0.00001000,0.8318,0.8318
34,0.472846,0.472846,97.9964,97.9964,0.00001000,0.8309,0.8309
35,0.464989,0.464989,98.2353,98.2353,0.00001000,0.8358,0.8358
36,0.471513,0.471513,97.3058,97.3058,0.00001000,0.8310,0.8310
37,0.483045,0.483045,98.1980,98.1980,0.00001000,0.8295,0.8295
38,0.481448,0.481448,97.6899,97.6899,0.00001000,0.8292,0.8292
39,0.470002,0.470002,99.0082,99.0082,0.00001000,0.8311,0.8311
40,0.482077,0.482077,98.6952,98.6952,0.00001000,0.8296,0.8296
41,0.472257,0.472257,97.8031,97.8031,0.00001000,0.8318,0.8318
42,0.479170,0.479170,97.7987,97.7987,0.00001000,0.8283,0.8283
43,0.475486,0.475486,98.6958,98.6958,0.00001000,0.8296,0.8296
44,0.492088,0.492088,100.5098,100.5098,0.00001000,0.8265,0.8265
45,0.474477,0.474477,100.7983,100.7983,0.00001000,0.8318,0.8318
46,0.481641,0.481641,100.9965,100.9965,0.00001000,0.8289,0.8289
47,0.469087,0.469087,100.0596,100.0596,0.00001000,0.8314,0.8314
48,0.482585,0.482585,98.5409,98.5409,0.00001000,0.8296,0.8296
49,0.482050,0.482050,97.3965,97.3965,0.00001000,0.8260,0.8260
50,0.469300,0.469300,104.5698,104.5698,0.00001000,0.8314,0.8314
51,0.471557,0.471557,103.7362,103.7362,0.00001000,0.8312,0.8312
52,0.470679,0.470679,102.7986,102.7986,0.00001000,0.8307,0.8307
53,0.475923,0.475923,102.2978,102.2978,0.00001000,0.8307,0.8307
54,0.483346,0.483346,102.9015,102.9015,0.00001000,0.8289,0.8289
55,0.488814,0.488814,102.9968,102.9968,0.00001000,0.8297,0.8297
56,0.475223,0.475223,103.5633,103.5633,0.00001000,0.8328,0.8328
57,0.480627,0.480627,102.4332,102.4332,0.00001000,0.8260,0.8260
58,0.474995,0.474995,102.1462,102.1462,0.00001000,0.8305,0.8305
59,0.483081,0.483081,102.4548,102.4548,0.00001000,0.8283,0.8283
60,0.483225,0.483225,101.8988,101.8988,0.00001000,0.8290,0.8290
61,0.466498,0.466498,102.4047,102.4047,0.00001000,0.8337,0.8337
62,0.485560,0.485560,102.6953,102.6953,0.00001000,0.8247,0.8247
63,0.478369,0.478369,103.5984,103.5984,0.00001000,0.8297,0.8297
64,0.471900,0.471900,102.5044,102.5044,0.00001000,0.8298,0.8298
65,0.477621,0.477621,102.7911,102.7911,0.00001000,0.8294,0.8294
66,0.472957,0.472957,102.8091,102.8091,0.00001000,0.8287,0.8287
67,0.481724,0.481724,102.6949,102.6949,0.00001000,0.8272,0.8272
68,0.467172,0.467172,103.4604,103.4604,0.00001000,0.8326,0.8326
69,0.493258,0.493258,103.0302,103.0302,0.00001000,0.8258,0.8258
70,0.470279,0.470279,103.6111,103.6111,0.00001000,0.8339,0.8339
71,0.486032,0.486032,103.1988,103.1988,0.00001000,0.8236,0.8236
72,0.481811,0.481811,103.9958,103.9958,0.00001000,0.8286,0.8286
73,0.490233,0.490233,103.4024,103.4024,0.00001000,0.8233,0.8233
74,0.467798,0.467798,103.2974,103.2974,0.00001000,0.8343,0.8343
75,0.465742,0.465742,102.9654,102.9654,0.00001000,0.8329,0.8329
76,0.486454,0.486454,104.2975,104.2975,0.00001000,0.8251,0.8251
77,0.476490,0.476490,103.1359,103.1359,0.00001000,0.8305,0.8305
78,0.490781,0.490781,103.4618,103.4618,0.00001000,0.8260,0.8260
79,0.487570,0.487570,103.2367,103.2367,0.00001000,0.8291,0.8291
80,0.469762,0.469762,103.2021,103.2021,0.00001000,0.8321,0.8321
81,0.487218,0.487218,102.7949,102.7949,0.00001000,0.8300,0.8300
82,0.466357,0.466357,102.8943,102.8943,0.00001000,0.8325,0.8325
83,0.470004,0.470004,104.0086,104.0086,0.00001000,0.8313,0.8313
84,0.477975,0.477975,102.7975,102.7975,0.00001000,0.8302,0.8302
85,0.485938,0.485938,102.9626,102.9626,0.00001000,0.8265,0.8265
86,0.472086,0.472086,103.9339,103.9339,0.00001000,0.8327,0.8327
87,0.476995,0.476995,103.5042,103.5042,0.00001000,0.8300,0.8300
88,0.466763,0.466763,104.1995,104.1995,0.00001000,0.8312,0.8312
89,0.467946,0.467946,104.1962,104.1962,0.00001000,0.8315,0.8315
90,0.475583,0.475583,103.8009,103.8009,0.00001000,0.8315,0.8315
91,0.467723,0.467723,103.7064,103.7064,0.00001000,0.8328,0.8328
92,0.480609,0.480609,103.1504,103.1504,0.00001000,0.8288,0.8288
93,0.480800,0.480800,102.9417,102.9417,0.00001000,0.8309,0.8309
94,0.474368,0.474368,102.7892,102.7892,0.00001000,0.8308,0.8308
95,0.465389,0.465389,102.9074,102.9074,0.00001000,0.8337,0.8337
96,0.484946,0.484946,103.4037,103.4037,0.00001000,0.8236,0.8236
97,0.482612,0.482612,102.5959,102.5959,0.00001000,0.8303,0.8303
98,0.483463,0.483463,102.7981,102.7981,0.00001000,0.8289,0.8289
99,0.469920,0.469920,102.8625,102.8625,0.00001000,0.8338,0.8338
100,0.464142,0.464142,103.7370,103.7370,0.00001000,0.8356,0.8356
101,0.460247,0.460247,101.7616,101.7616,0.00001000,0.8356,0.8356
102,0.475935,0.475935,102.2001,102.2001,0.00001000,0.8315,0.8315
103,0.481283,0.481283,102.3996,102.3996,0.00001000,0.8277,0.8277
104,0.466377,0.466377,102.9347,102.9347,0.00001000,0.8326,0.8326
105,0.479618,0.479618,102.3032,102.3032,0.00001000,0.8309,0.8309
106,0.475263,0.475263,102.9637,102.9637,0.00001000,0.8292,0.8292
107,0.484492,0.484492,102.6415,102.6415,0.00001000,0.8246,0.8246
108,0.479531,0.479531,102.4957,102.4957,0.00001000,0.8266,0.8266
109,0.480596,0.480596,102.8885,102.8885,0.00001000,0.8283,0.8283
110,0.496240,0.496240,102.5058,102.5058,0.00001000,0.8271,0.8271
111,0.469542,0.469542,102.9021,102.9021,0.00001000,0.8330,0.8330
112,0.474423,0.474423,102.1615,102.1615,0.00001000,0.8323,0.8323
113,0.480718,0.480718,102.3396,102.3396,0.00001000,0.8285,0.8285
114,0.469392,0.469392,101.9997,101.9997,0.00001000,0.8339,0.8339
115,0.475559,0.475559,102.6930,102.6930,0.00001000,0.8315,0.8315
116,0.469750,0.469750,102.8974,102.8974,0.00001000,0.8326,0.8326
117,0.467676,0.467676,102.4024,102.4024,0.00001000,0.8339,0.8339
118,0.478625,0.478625,102.8045,102.8045,0.00001000,0.8292,0.8292
119,0.485282,0.485282,102.1978,102.1978,0.00001000,0.8283,0.8283
120,0.477857,0.477857,102.5976,102.5976,0.00001000,0.8294,0.8294
121,0.483599,0.483599,102.6665,102.6665,0.00001000,0.8271,0.8271
122,0.488379,0.488379,101.9317,101.9317,0.00001000,0.8257,0.8257
123,0.476573,0.476573,102.8989,102.8989,0.00001000,0.8291,0.8291
124,0.468128,0.468128,102.3036,102.3036,0.00001000,0.8319,0.8319
125,0.464371,0.464371,102.7198,102.7198,0.00001000,0.8362,0.8362
126,0.482305,0.482305,102.8377,102.8377,0.00001000,0.8274,0.8274
127,0.477854,0.477854,102.7483,102.7483,0.00001000,0.8297,0.8297
128,0.471770,0.471770,103.0934,103.0934,0.00001000,0.8334,0.8334
129,0.473695,0.473695,102.8952,102.8952,0.00001000,0.8301,0.8301
130,0.460686,0.460686,103.0959,103.0959,0.00001000,0.8345,0.8345
131,0.478638,0.478638,102.0679,102.0679,0.00001000,0.8310,0.8310
132,0.485223,0.485223,102.4949,102.4949,0.00001000,0.8257,0.8257
133,0.477668,0.477668,102.4371,102.4371,0.00001000,0.8296,0.8296
134,0.499472,0.499472,101.9987,101.9987,0.00001000,0.8249,0.8249
135,0.472147,0.472147,102.3968,102.3968,0.00001000,0.8313,0.8313
136,0.480145,0.480145,101.6027,101.6027,0.00001000,0.8303,0.8303
137,0.476930,0.476930,102.3915,102.3915,0.00001000,0.8297,0.8297
138,0.477124,0.477124,101.5111,101.5111,0.00001000,0.8323,0.8323
139,0.501262,0.501262,102.2563,102.2563,0.00001000,0.8296,0.8296
140,0.466255,0.466255,102.8361,102.8361,0.00001000,0.8339,0.8339
141,0.480940,0.480940,102.5337,102.5337,0.00001000,0.8276,0.8276
142,0.470690,0.470690,102.0619,102.0619,0.00001000,0.8313,0.8313
143,0.472216,0.472216,103.0720,103.0720,0.00001000,0.8319,0.8319
144,0.479341,0.479341,103.5985,103.5985,0.00001000,0.8266,0.8266
145,0.468852,0.468852,103.2999,103.2999,0.00001000,0.8337,0.8337
146,0.470297,0.470297,102.9352,102.9352,0.00001000,0.8337,0.8337
147,0.469242,0.469242,103.2623,103.2623,0.00001000,0.8321,0.8321
148,0.474922,0.474922,102.7926,102.7926,0.00001000,0.8270,0.8270
149,0.492577,0.492577,103.2427,103.2427,0.00001000,0.8272,0.8272
150,0.470069,0.470069,103.1042,103.1042,0.00001000,0.8313,0.8313
151,0.483119,0.483119,102.3986,102.3986,0.00001000,0.8275,0.8275
152,0.473513,0.473513,103.6940,103.6940,0.00001000,0.8295,0.8295
153,0.469567,0.469567,103.3591,103.3591,0.00001000,0.8331,0.8331
154,0.479517,0.479517,102.5390,102.5390,0.00001000,0.8280,0.8280
155,0.461541,0.461541,102.8033,102.8033,0.00001000,0.8333,0.8333
156,0.482999,0.482999,102.0988,102.0988,0.00001000,0.8300,0.8300
157,0.481059,0.481059,102.2066,102.2066,0.00001000,0.8312,0.8312
158,0.488392,0.488392,102.7906,102.7906,0.00001000,0.8292,0.8292
159,0.489486,0.489486,102.2079,102.2079,0.00001000,0.8276,0.8276
160,0.471271,0.471271,101.7926,101.7926,0.00001000,0.8328,0.8328
161,0.472268,0.472268,103.0060,103.0060,0.00001000,0.8305,0.8305
162,0.493729,0.493729,101.5913,101.5913,0.00001000,0.8256,0.8256
163,0.481908,0.481908,102.5057,102.5057,0.00001000,0.8269,0.8269
164,0.470601,0.470601,103.8966,103.8966,0.00001000,0.8312,0.8312
165,0.474755,0.474755,102.8628,102.8628,0.00001000,0.8308,0.8308
166,0.468354,0.468354,102.6980,102.6980,0.00001000,0.8333,0.8333
167,0.467906,0.467906,102.7418,102.7418,0.00001000,0.8329,0.8329
168,0.472820,0.472820,102.1933,102.1933,0.00001000,0.8292,0.8292
169,0.487974,0.487974,101.3958,101.3958,0.00001000,0.8265,0.8265
170,0.468293,0.468293,102.9041,102.9041,0.00001000,0.8335,0.8335
171,0.478200,0.478200,102.5977,102.5977,0.00001000,0.8282,0.8282
172,0.471731,0.471731,102.3628,102.3628,0.00001000,0.8318,0.8318
173,0.471506,0.471506,102.5338,102.5338,0.00001000,0.8329,0.8329
174,0.486936,0.486936,102.4019,102.4019,0.00001000,0.8284,0.8284
175,0.479241,0.479241,103.2995,103.2995,0.00001000,0.8310,0.8310
176,0.483437,0.483437,103.5990,103.5990,0.00001000,0.8304,0.8304
177,0.475593,0.475593,103.0696,103.0696,0.00001000,0.8328,0.8328
178,0.472117,0.472117,102.7274,102.7274,0.00001000,0.8323,0.8323
179,0.462754,0.462754,103.5995,103.5995,0.00001000,0.8363,0.8363
180,0.471785,0.471785,104.1057,104.1057,0.00001000,0.8309,0.8309
181,0.478473,0.478473,103.3905,103.3905,0.00001000,0.8283,0.8283
182,0.467343,0.467343,102.8692,102.8692,0.00001000,0.8351,0.8351
183,0.478434,0.478434,103.3281,103.3281,0.00001000,0.8321,0.8321
184,0.471601,0.471601,102.4672,102.4672,0.00001000,0.8302,0.8302
185,0.483336,0.483336,101.8362,101.8362,0.00001000,0.8257,0.8257
186,0.483721,0.483721,101.6986,101.6986,0.00001000,0.8296,0.8296
187,0.472196,0.472196,103.3039,103.3039,0.00001000,0.8319,0.8319
188,0.474647,0.474647,102.2964,102.2964,0.00001000,0.8296,0.8296
189,0.479343,0.479343,102.4035,102.4035,0.00001000,0.8275,0.8275
190,0.489408,0.489408,102.0950,102.0950,0.00001000,0.8232,0.8232
191,0.466265,0.466265,102.5916,102.5916,0.00001000,0.8335,0.8335
192,0.472266,0.472266,102.8701,102.8701,0.00001000,0.8309,0.8309
193,0.477917,0.477917,103.1419,103.1419,0.00001000,0.8273,0.8273
194,0.498359,0.498359,103.1651,103.1651,0.00001000,0.8221,0.8221
195,0.473542,0.473542,102.6293,102.6293,0.00001000,0.8300,0.8300
196,0.464755,0.464755,102.4056,102.4056,0.00001000,0.8335,0.8335
197,0.472445,0.472445,103.7914,103.7914,0.00001000,0.8303,0.8303
198,0.480607,0.480607,102.2061,102.2061,0.00001000,0.8278,0.8278
199,0.485052,0.485052,101.9605,101.9605,0.00001000,0.8297,0.8297
200,0.483732,0.483732,102.8014,102.8014,0.00001000,0.8267,0.8267
